   1.0000000000000000        100.00000000000000     
   1.1000000014901161        87.322037350320741     
   1.2000000029802322        76.076710843469911     
   1.3000000044703484        66.150287142365329     
   1.4000000059604645        57.433599576796986     
   1.5000000074505806        49.822048143427054     
   1.6000000089406967        43.215599505789910     
   1.7000000104308128        37.518786994292142     
   1.8000000119209290        32.640710606212508     
   1.9000000134110451        28.495037005701988     
   2.0000000149011612        24.999999523783732     
   2.1000000163912773        22.078398158353085     
   2.2000000178813934        19.657599574177599     
   2.3000000193715096        17.669537102897021     
   2.4000000208616257        16.050710743023291     
   2.5000000223517418        14.742187159940531     
   2.6000000238418579        13.689599685905071     
   2.7000000253319740        12.843148320045426     
   2.8000000268220901        12.157599728362321     
   2.9000000283122063        11.592287243728665     
   3.0000000298023224        11.111110865889547     
   3.1000000312924385        10.682537261462288     
   3.2000000327825546        10.279599763936368     
   3.3000000342726707        9.8798983736734733     
   3.4000000357627869        9.4655997579074693     
   3.5000000372529030        9.0234372507444949     
   3.6000000387430191        8.5447108531627443     
   3.7000000402331352        8.0252872330127332     
   3.8000000417232513        7.4655997250170740     
   3.9000000432133675        6.8706483307706989     
   4.0000000447034836        6.2499997187405816     
   4.1000000461935997        5.6177872242660101     
   4.2000000476837158        4.9927108495584163     
   4.3000000491738319        4.3980372637014220     
   4.4000000506639481        3.8615998026508755     
   4.5000000521540642        3.4157984692347441     
   4.6000000536441803        3.0975999331533473     
   4.7000000551342964        2.9485375309789497     
   4.8000000566244125        3.0147112661562900     
   4.9000000581145287        3.3467878090021586     
   5.0000000596046448        4.0000004967053968     
   5.1000000610947609        5.0341493333273988     
   5.2000000625848770        6.5136009898013896     
   5.3000000640749931        8.5072888039331360     
   5.4000000655651093        11.088712780400201     
   5.5000000670552254        14.335939590752716     
   5.6000000685453415        18.331602573412596     
   5.7000000700354576        23.162901733674573     
   5.8000000715255737        28.921603743704878     
   5.9000000730156898        35.704041942542375     
