   0.0000000000000000        0.0000000000000000        0.0000000000000000     
  0.31415926535897931        1.1269585904085782        0.0000000000000000     
  0.62831853071795862        1.5274740957342576       -1.1102230246251565E-016
  0.94247779607693793        1.8156363093029981        0.0000000000000000     
   1.2566370614359172        2.0537157681658340       -1.1102230246251565E-016
   1.5707963267948966        2.2634151063569430       -3.3306690738754696E-016
   1.8849555921538759        2.4552774656973875        2.2204460492503131E-016
   2.1991148575128552        2.6354451254889324       -1.1102230246251565E-016
   2.5132741228718345        2.8079837233187619       -5.5511151231257827E-017
   2.8274333882308138        2.9758869533570276       -3.6082248300317588E-016
   3.1415926535897931        3.1415926535897931        1.1021821192326179E-016
   3.4557519189487724        3.3072983538225591       -2.4980018054066022E-016
   3.7699111843077517        3.4752015838608243        2.7755575615628914E-016
   4.0840704496667311        3.6477401816906538        2.7755575615628914E-016
   4.3982297150257104        3.8279078414821988        0.0000000000000000     
   4.7123889803846897        4.0197702008226432        3.3306690738754696E-016
   5.0265482457436690        4.2294695390137527       -3.3306690738754696E-016
   5.3407075111026483        4.4675489978765883       -2.2204460492503131E-016
   5.6548667764616276        4.7557112114453286        0.0000000000000000     
   5.9690260418206069        5.1562267167710081       -1.1102230246251565E-016
   6.2831853071795862        6.2831853071795845       -4.2800739906498772E-017
