   0.0000000000000000        0.0000000000000000        0.0000000000000000     
  0.31415926535897931        1.2235856935316483        0.0000000000000000     
  0.62831853071795862        1.5951712384433794        0.0000000000000000     
  0.94247779607693793        1.8673900984378351       -1.1102230246251565E-016
   1.2566370614359172        2.0942668719575241        3.3306690738754696E-016
   1.5707963267948966        2.2951283193301086       -3.3306690738754696E-016
   1.8849555921538759        2.4795130369259990       -3.3306690738754696E-016
   2.1991148575128552        2.6530402292198816        0.0000000000000000     
   2.5132741228718345        2.8194606268028561       -1.1102230246251565E-016
   2.8274333882308138        2.9815536441572950        0.0000000000000000     
   3.1415926535897931        3.1415926535897931        1.1844049053273711E-016
   3.4557519189487724        3.3016316630222913        1.9428902930940239E-016
   3.7699111843077517        3.4637246803767301        3.8857805861880479E-016
   4.0840704496667311        3.6301450779597046        2.2204460492503131E-016
   4.3982297150257104        3.8036722702535877       -3.3306690738754696E-016
   4.7123889803846897        3.9880569878494780       -3.3306690738754696E-016
   5.0265482457436690        4.1889184352220621       -2.2204460492503131E-016
   5.3407075111026483        4.4157952087417511        1.1102230246251565E-016
   5.6548667764616276        4.6880140687362069        0.0000000000000000     
   5.9690260418206069        5.0595996136479382       -2.2204460492503131E-016
