   3.1415926535897931        0.0000000000000000        6.2831853071795862     
   1.5707963267948966        0.0000000000000000        3.1415926535897931     
   2.3561944901923448        1.5707963267948966        3.1415926535897931     
   1.9634954084936207        1.5707963267948966        2.3561944901923448     
   2.1598449493429825        1.9634954084936207        2.3561944901923448     
   2.2580197197676637        2.1598449493429825        2.3561944901923448     
   2.2089323345553229        2.1598449493429825        2.2580197197676637     
   2.2334760271614931        2.2089323345553229        2.2580197197676637     
   2.2212041808584080        2.2089323345553229        2.2334760271614931     
   2.2150682577068652        2.2089323345553229        2.2212041808584080     
   2.2181362192826368        2.2150682577068652        2.2212041808584080     
   2.2166022384947510        2.2150682577068652        2.2181362192826368     
   2.2173692288886939        2.2166022384947510        2.2181362192826368     
   2.2177527240856652        2.2173692288886939        2.2181362192826368     
   2.2179444716841510        2.2177527240856652        2.2181362192826368     
   2.2180403454833941        2.2179444716841510        2.2181362192826368     
   2.2179924085837728        2.2179444716841510        2.2180403454833941     
   2.2180163770335835        2.2179924085837728        2.2180403454833941     
   2.2180043928086781        2.2179924085837728        2.2180163770335835     
   2.2179984006962252        2.2179924085837728        2.2180043928086781     
   2.2179954046399990        2.2179924085837728        2.2179984006962252     
   2.2179969026681121        2.2179954046399990        2.2179984006962252     
   2.2179976516821687        2.2179969026681121        2.2179984006962252     
   2.2179972771751402        2.2179969026681121        2.2179976516821687     
   2.2179970899216261        2.2179969026681121        2.2179972771751402     
   2.2179971835483832        2.2179970899216261        2.2179972771751402     
   2.2179972303617617        2.2179971835483832        2.2179972771751402     
   2.2179972069550722        2.2179971835483832        2.2179972303617617     
   2.2179971952517277        2.2179971835483832        2.2179972069550722     
   2.2179972011034002        2.2179971952517277        2.2179972069550722     
   2.2179972040292362        2.2179972011034002        2.2179972069550722     
   2.2179972025663179        2.2179972011034002        2.2179972040292362     
   2.2179972032977773        2.2179972025663179        2.2179972040292362     
   2.2179972029320476        2.2179972025663179        2.2179972032977773     
   2.2179972027491828        2.2179972025663179        2.2179972029320476     
   2.2179972026577506        2.2179972025663179        2.2179972027491828     
   2.2179972026120343        2.2179972025663179        2.2179972026577506     
   2.2179972025891761        2.2179972025663179        2.2179972026120343     
   2.2179972026006052        2.2179972025891761        2.2179972026120343     
   2.2179972025948906        2.2179972025891761        2.2179972026006052     
   2.2179972025977479        2.2179972025948906        2.2179972026006052     
   2.2179972025991765        2.2179972025977479        2.2179972026006052     
   2.2179972025984620        2.2179972025977479        2.2179972025991765     
   2.2179972025988191        2.2179972025984620        2.2179972025991765     
   2.2179972025986405        2.2179972025984620        2.2179972025988191     
   2.2179972025985513        2.2179972025984620        2.2179972025986405     
   2.2179972025985961        2.2179972025985513        2.2179972025986405     
   2.2179972025985739        2.2179972025985513        2.2179972025985961     
   2.2179972025985850        2.2179972025985739        2.2179972025985961     
   2.2179972025985792        2.2179972025985739        2.2179972025985850     
   2.2179972025985766        2.2179972025985739        2.2179972025985792     
   2.2179972025985779        2.2179972025985766        2.2179972025985792     
   2.2179972025985775        2.2179972025985766        2.2179972025985779     
   2.2179972025985775        2.2179972025985775        2.2179972025985779     
   2.2179972025985775        2.2179972025985775        2.2179972025985779     
 # Result:    2.2179972025985775     
