   3.1415926535897931        0.0000000000000000        6.2831853071795862     
   1.5707963267948966        0.0000000000000000        3.1415926535897931     
   2.3561944901923448        1.5707963267948966        3.1415926535897931     
   1.9634954084936207        1.5707963267948966        2.3561944901923448     
   1.7671458676442586        1.5707963267948966        1.9634954084936207     
   1.8653206380689396        1.7671458676442586        1.9634954084936207     
   1.9144080232812801        1.8653206380689396        1.9634954084936207     
   1.9389517158874505        1.9144080232812801        1.9634954084936207     
   1.9512235621905356        1.9389517158874505        1.9634954084936207     
   1.9573594853420782        1.9512235621905356        1.9634954084936207     
   1.9604274469178495        1.9573594853420782        1.9634954084936207     
   1.9619614277057351        1.9604274469178495        1.9634954084936207     
   1.9627284180996778        1.9619614277057351        1.9634954084936207     
   1.9623449229027066        1.9619614277057351        1.9627284180996778     
   1.9621531753042207        1.9619614277057351        1.9623449229027066     
   1.9622490491034636        1.9621531753042207        1.9623449229027066     
   1.9622011122038421        1.9621531753042207        1.9622490491034636     
   1.9621771437540314        1.9621531753042207        1.9622011122038421     
   1.9621891279789367        1.9621771437540314        1.9622011122038421     
   1.9621951200913894        1.9621891279789367        1.9622011122038421     
   1.9621921240351630        1.9621891279789367        1.9621951200913894     
   1.9621906260070499        1.9621891279789367        1.9621921240351630     
   1.9621898769929933        1.9621891279789367        1.9621906260070499     
   1.9621895024859650        1.9621891279789367        1.9621898769929933     
   1.9621893152324508        1.9621891279789367        1.9621895024859650     
   1.9621892216056938        1.9621891279789367        1.9621893152324508     
   1.9621892684190723        1.9621892216056938        1.9621893152324508     
   1.9621892918257615        1.9621892684190723        1.9621893152324508     
   1.9621892801224168        1.9621892684190723        1.9621892918257615     
   1.9621892859740893        1.9621892801224168        1.9621892918257615     
   1.9621892888999253        1.9621892859740893        1.9621892918257615     
   1.9621892874370073        1.9621892859740893        1.9621892888999253     
   1.9621892881684664        1.9621892874370073        1.9621892888999253     
   1.9621892878027367        1.9621892874370073        1.9621892881684664     
   1.9621892876198719        1.9621892874370073        1.9621892878027367     
   1.9621892875284397        1.9621892874370073        1.9621892876198719     
   1.9621892875741558        1.9621892875284397        1.9621892876198719     
   1.9621892875970137        1.9621892875741558        1.9621892876198719     
   1.9621892875855846        1.9621892875741558        1.9621892875970137     
   1.9621892875798701        1.9621892875741558        1.9621892875855846     
   1.9621892875770128        1.9621892875741558        1.9621892875798701     
   1.9621892875784415        1.9621892875770128        1.9621892875798701     
   1.9621892875791558        1.9621892875784415        1.9621892875798701     
   1.9621892875787985        1.9621892875784415        1.9621892875791558     
   1.9621892875786200        1.9621892875784415        1.9621892875787985     
   1.9621892875785307        1.9621892875784415        1.9621892875786200     
   1.9621892875785754        1.9621892875785307        1.9621892875786200     
   1.9621892875785529        1.9621892875785307        1.9621892875785754     
   1.9621892875785640        1.9621892875785529        1.9621892875785754     
   1.9621892875785698        1.9621892875785640        1.9621892875785754     
   1.9621892875785725        1.9621892875785698        1.9621892875785754     
   1.9621892875785711        1.9621892875785698        1.9621892875785725     
   1.9621892875785718        1.9621892875785711        1.9621892875785725     
   1.9621892875785716        1.9621892875785711        1.9621892875785718     
   1.9621892875785714        1.9621892875785711        1.9621892875785716     
   1.9621892875785716        1.9621892875785714        1.9621892875785716     
   1.9621892875785716        1.9621892875785714        1.9621892875785716     
