   1.5000000000000000        1.0000000000000000        2.0000000000000000     
   1.2500000000000000        1.0000000000000000        1.5000000000000000     
   1.3750000000000000        1.2500000000000000        1.5000000000000000     
   1.4375000000000000        1.3750000000000000        1.5000000000000000     
   1.4062500000000000        1.3750000000000000        1.4375000000000000     
   1.4218750000000000        1.4062500000000000        1.4375000000000000     
   1.4140625000000000        1.4062500000000000        1.4218750000000000     
   1.4179687500000000        1.4140625000000000        1.4218750000000000     
   1.4160156250000000        1.4140625000000000        1.4179687500000000     
   1.4150390625000000        1.4140625000000000        1.4160156250000000     
   1.4145507812500000        1.4140625000000000        1.4150390625000000     
   1.4143066406250000        1.4140625000000000        1.4145507812500000     
   1.4141845703125000        1.4140625000000000        1.4143066406250000     
   1.4142456054687500        1.4141845703125000        1.4143066406250000     
   1.4142150878906250        1.4141845703125000        1.4142456054687500     
   1.4141998291015625        1.4141845703125000        1.4142150878906250     
   1.4142074584960938        1.4141998291015625        1.4142150878906250     
   1.4142112731933594        1.4142074584960938        1.4142150878906250     
   1.4142131805419922        1.4142112731933594        1.4142150878906250     
   1.4142141342163086        1.4142131805419922        1.4142150878906250     
   1.4142136573791504        1.4142131805419922        1.4142141342163086     
   1.4142134189605713        1.4142131805419922        1.4142136573791504     
   1.4142135381698608        1.4142134189605713        1.4142136573791504     
   1.4142135977745056        1.4142135381698608        1.4142136573791504     
   1.4142135679721832        1.4142135381698608        1.4142135977745056     
   1.4142135530710220        1.4142135381698608        1.4142135679721832     
   1.4142135605216026        1.4142135530710220        1.4142135679721832     
   1.4142135642468929        1.4142135605216026        1.4142135679721832     
   1.4142135623842478        1.4142135605216026        1.4142135642468929     
   1.4142135614529252        1.4142135605216026        1.4142135623842478     
   1.4142135619185865        1.4142135614529252        1.4142135623842478     
   1.4142135621514171        1.4142135619185865        1.4142135623842478     
   1.4142135622678325        1.4142135621514171        1.4142135623842478     
   1.4142135623260401        1.4142135622678325        1.4142135623842478     
   1.4142135623551439        1.4142135623260401        1.4142135623842478     
   1.4142135623696959        1.4142135623551439        1.4142135623842478     
   1.4142135623769718        1.4142135623696959        1.4142135623842478     
   1.4142135623733338        1.4142135623696959        1.4142135623769718     
   1.4142135623715149        1.4142135623696959        1.4142135623733338     
   1.4142135623724243        1.4142135623715149        1.4142135623733338     
   1.4142135623728791        1.4142135623724243        1.4142135623733338     
   1.4142135623731065        1.4142135623728791        1.4142135623733338     
   1.4142135623729928        1.4142135623728791        1.4142135623731065     
   1.4142135623730496        1.4142135623729928        1.4142135623731065     
   1.4142135623730780        1.4142135623730496        1.4142135623731065     
   1.4142135623730923        1.4142135623730780        1.4142135623731065     
   1.4142135623730994        1.4142135623730923        1.4142135623731065     
   1.4142135623730958        1.4142135623730923        1.4142135623730994     
   1.4142135623730940        1.4142135623730923        1.4142135623730958     
   1.4142135623730949        1.4142135623730940        1.4142135623730958     
   1.4142135623730954        1.4142135623730949        1.4142135623730958     
   1.4142135623730951        1.4142135623730949        1.4142135623730954     
   1.4142135623730949        1.4142135623730949        1.4142135623730951     
   1.4142135623730949        1.4142135623730949        1.4142135623730951     
 # Result:    1.4142135623730949     
