   1.00000E+02   0.00000E+00   0.00000E+00   0.00000E+00   0.00000E+00   0.00000E+00   0.00000E+00   0.00000E+00   0.00000E+00   0.00000E+00   1.00000E+02
   1.00000E+02   2.00000E+01   0.00000E+00   0.00000E+00   0.00000E+00   0.00000E+00   0.00000E+00   0.00000E+00   0.00000E+00   2.00000E+01   1.00000E+02
   1.00000E+02   3.20000E+01   4.00000E+00   0.00000E+00   0.00000E+00   0.00000E+00   0.00000E+00   0.00000E+00   4.00000E+00   3.20000E+01   1.00000E+02
   1.00000E+02   4.00000E+01   8.80000E+00   8.00000E-01   0.00000E+00   0.00000E+00   0.00000E+00   8.00000E-01   8.80000E+00   4.00000E+01   1.00000E+02
   1.00000E+02   4.57600E+01   1.34400E+01   2.24000E+00   1.60000E-01   0.00000E+00   1.60000E-01   2.24000E+00   1.34400E+01   4.57600E+01   1.00000E+02
   1.00000E+02   5.01440E+01   1.76640E+01   4.06400E+00   5.44000E-01   6.40000E-02   5.44000E-01   4.06400E+00   1.76640E+01   5.01440E+01   1.00000E+02
   1.00000E+02   5.36192E+01   2.14400E+01   6.08000E+00   1.15200E+00   2.56000E-01   1.15200E+00   6.08000E+00   2.14400E+01   5.36192E+01   1.00000E+02
   1.00000E+02   5.64595E+01   2.48038E+01   8.16640E+00   1.95840E+00   6.14400E-01   1.95840E+00   8.16640E+00   2.48038E+01   5.64595E+01   1.00000E+02
   1.00000E+02   5.88365E+01   2.78075E+01   1.02523E+01   2.93120E+00   1.15200E+00   2.93120E+00   1.02523E+01   2.78075E+01   5.88365E+01   1.00000E+02
   1.00000E+02   6.08634E+01   3.05022E+01   1.22991E+01   4.03958E+00   1.86368E+00   4.03958E+00   1.22991E+01   3.05022E+01   6.08634E+01   1.00000E+02
   1.00000E+02   6.26185E+01   3.29338E+01   1.42878E+01   5.25630E+00   2.73404E+00   5.25630E+00   1.42878E+01   3.29338E+01   6.26185E+01   1.00000E+02
   1.00000E+02   6.41579E+01   3.51416E+01   1.62107E+01   6.55816E+00   3.74295E+00   6.55816E+00   1.62107E+01   3.51416E+01   6.41579E+01   1.00000E+02
   1.00000E+02   6.55230E+01   3.71587E+01   1.80664E+01   7.92563E+00   4.86903E+00   7.92563E+00   1.80664E+01   3.71587E+01   6.55230E+01   1.00000E+02
   1.00000E+02   6.67455E+01   3.90131E+01   1.98567E+01   9.34246E+00   6.09167E+00   9.34246E+00   1.98567E+01   3.90131E+01   6.67455E+01   1.00000E+02
   1.00000E+02   6.78499E+01   4.07283E+01   2.15851E+01   1.07951E+01   7.39199E+00   1.07951E+01   2.15851E+01   4.07283E+01   6.78499E+01   1.00000E+02
   1.00000E+02   6.88556E+01   4.23240E+01   2.32558E+01   1.22725E+01   8.75325E+00   1.22725E+01   2.32558E+01   4.23240E+01   6.88556E+01   1.00000E+02
   1.00000E+02   6.97782E+01   4.38167E+01   2.48728E+01   1.37653E+01   1.01610E+01   1.37653E+01   2.48728E+01   4.38167E+01   6.97782E+01   1.00000E+02
   1.00000E+02   7.06302E+01   4.52202E+01   2.64400E+01   1.52659E+01   1.16027E+01   1.52659E+01   2.64400E+01   4.52202E+01   7.06302E+01   1.00000E+02
   1.00000E+02   7.14222E+01   4.65462E+01   2.79613E+01   1.67681E+01   1.30680E+01   1.67681E+01   2.79613E+01   4.65462E+01   7.14222E+01   1.00000E+02
   1.00000E+02   7.21625E+01   4.78044E+01   2.94396E+01   1.82667E+01   1.45480E+01   1.82667E+01   2.94396E+01   4.78044E+01   7.21625E+01   1.00000E+02
   1.00000E+02   7.28584E+01   4.90031E+01   3.08780E+01   1.97576E+01   1.60355E+01   1.97576E+01   3.08780E+01   4.90031E+01   7.28584E+01   1.00000E+02
   1.00000E+02   7.35157E+01   5.01491E+01   3.22789E+01   2.12372E+01   1.75243E+01   2.12372E+01   3.22789E+01   5.01491E+01   7.35157E+01   1.00000E+02
   1.00000E+02   7.41392E+01   5.12484E+01   3.36446E+01   2.27030E+01   1.90095E+01   2.27030E+01   3.36446E+01   5.12484E+01   7.41392E+01   1.00000E+02
   1.00000E+02   7.47332E+01   5.23058E+01   3.49770E+01   2.41526E+01   2.04869E+01   2.41526E+01   3.49770E+01   5.23058E+01   7.47332E+01   1.00000E+02
   1.00000E+02   7.53011E+01   5.33255E+01   3.62779E+01   2.55844E+01   2.19532E+01   2.55844E+01   3.62779E+01   5.33255E+01   7.53011E+01   1.00000E+02
   1.00000E+02   7.58458E+01   5.43111E+01   3.75487E+01   2.69968E+01   2.34056E+01   2.69968E+01   3.75487E+01   5.43111E+01   7.58458E+01   1.00000E+02
   1.00000E+02   7.63697E+01   5.52656E+01   3.87908E+01   2.83890E+01   2.48421E+01   2.83890E+01   3.87908E+01   5.52656E+01   7.63697E+01   1.00000E+02
   1.00000E+02   7.68749E+01   5.61914E+01   4.00054E+01   2.97600E+01   2.62609E+01   2.97600E+01   4.00054E+01   5.61914E+01   7.68749E+01   1.00000E+02
   1.00000E+02   7.73632E+01   5.70909E+01   4.11935E+01   3.11092E+01   2.76605E+01   3.11092E+01   4.11935E+01   5.70909E+01   7.73632E+01   1.00000E+02
   1.00000E+02   7.78361E+01   5.79659E+01   4.23561E+01   3.24363E+01   2.90400E+01   3.24363E+01   4.23561E+01   5.79659E+01   7.78361E+01   1.00000E+02
   1.00000E+02   7.82949E+01   5.88180E+01   4.34941E+01   3.37410E+01   3.03985E+01   3.37410E+01   4.34941E+01   5.88180E+01   7.82949E+01   1.00000E+02
   1.00000E+02   7.87405E+01   5.96486E+01   4.46083E+01   3.50232E+01   3.17355E+01   3.50232E+01   4.46083E+01   5.96486E+01   7.87405E+01   1.00000E+02
   1.00000E+02   7.91740E+01   6.04589E+01   4.56993E+01   3.62827E+01   3.30506E+01   3.62827E+01   4.56993E+01   6.04589E+01   7.91740E+01   1.00000E+02
   1.00000E+02   7.95962E+01   6.12500E+01   4.67679E+01   3.75196E+01   3.43434E+01   3.75196E+01   4.67679E+01   6.12500E+01   7.95962E+01   1.00000E+02
   1.00000E+02   8.00077E+01   6.20228E+01   4.78147E+01   3.87340E+01   3.56139E+01   3.87340E+01   4.78147E+01   6.20228E+01   8.00077E+01   1.00000E+02
   1.00000E+02   8.04092E+01   6.27782E+01   4.88402E+01   3.99261E+01   3.68619E+01   3.99261E+01   4.88402E+01   6.27782E+01   8.04092E+01   1.00000E+02
   1.00000E+02   8.08012E+01   6.35168E+01   4.98450E+01   4.10961E+01   3.80876E+01   4.10961E+01   4.98450E+01   6.35168E+01   8.08012E+01   1.00000E+02
   1.00000E+02   8.11841E+01   6.42393E+01   5.08296E+01   4.22442E+01   3.92910E+01   4.22442E+01   5.08296E+01   6.42393E+01   8.11841E+01   1.00000E+02
   1.00000E+02   8.15583E+01   6.49463E+01   5.17944E+01   4.33706E+01   4.04723E+01   4.33706E+01   5.17944E+01   6.49463E+01   8.15583E+01   1.00000E+02
   1.00000E+02   8.19242E+01   6.56383E+01   5.27400E+01   4.44757E+01   4.16316E+01   4.44757E+01   5.27400E+01   6.56383E+01   8.19242E+01   1.00000E+02
   1.00000E+02   8.22822E+01   6.63158E+01   5.36668E+01   4.55598E+01   4.27692E+01   4.55598E+01   5.36668E+01   6.63158E+01   8.22822E+01   1.00000E+02
   1.00000E+02   8.26325E+01   6.69793E+01   5.45752E+01   4.66231E+01   4.38854E+01   4.66231E+01   5.45752E+01   6.69793E+01   8.26325E+01   1.00000E+02
   1.00000E+02   8.29754E+01   6.76291E+01   5.54656E+01   4.76660E+01   4.49805E+01   4.76660E+01   5.54656E+01   6.76291E+01   8.29754E+01   1.00000E+02
   1.00000E+02   8.33110E+01   6.82657E+01   5.63384E+01   4.86888E+01   4.60547E+01   4.86888E+01   5.63384E+01   6.82657E+01   8.33110E+01   1.00000E+02
   1.00000E+02   8.36398E+01   6.88893E+01   5.71939E+01   4.96919E+01   4.71083E+01   4.96919E+01   5.71939E+01   6.88893E+01   8.36398E+01   1.00000E+02
   1.00000E+02   8.39617E+01   6.95003E+01   5.80326E+01   5.06756E+01   4.81418E+01   5.06756E+01   5.80326E+01   6.95003E+01   8.39617E+01   1.00000E+02
   1.00000E+02   8.42771E+01   7.00990E+01   5.88547E+01   5.16402E+01   4.91553E+01   5.16402E+01   5.88547E+01   7.00990E+01   8.42771E+01   1.00000E+02
   1.00000E+02   8.45861E+01   7.06858E+01   5.96607E+01   5.25861E+01   5.01493E+01   5.25861E+01   5.96607E+01   7.06858E+01   8.45861E+01   1.00000E+02
   1.00000E+02   8.48888E+01   7.12608E+01   6.04508E+01   5.35137E+01   5.11240E+01   5.35137E+01   6.04508E+01   7.12608E+01   8.48888E+01   1.00000E+02
   1.00000E+02   8.51854E+01   7.18244E+01   6.12254E+01   5.44232E+01   5.20799E+01   5.44232E+01   6.12254E+01   7.18244E+01   8.51854E+01   1.00000E+02
   1.00000E+02   8.54761E+01   7.23768E+01   6.19847E+01   5.53150E+01   5.30172E+01   5.53150E+01   6.19847E+01   7.23768E+01   8.54761E+01   1.00000E+02
   1.00000E+02   8.57611E+01   7.29183E+01   6.27292E+01   5.61894E+01   5.39363E+01   5.61894E+01   6.27292E+01   7.29183E+01   8.57611E+01   1.00000E+02
   1.00000E+02   8.60403E+01   7.34490E+01   6.34590E+01   5.70467E+01   5.48375E+01   5.70467E+01   6.34590E+01   7.34490E+01   8.60403E+01   1.00000E+02
   1.00000E+02   8.63140E+01   7.39693E+01   6.41746E+01   5.78873E+01   5.57212E+01   5.78873E+01   6.41746E+01   7.39693E+01   8.63140E+01   1.00000E+02
   1.00000E+02   8.65822E+01   7.44793E+01   6.48761E+01   5.87116E+01   5.65877E+01   5.87116E+01   6.48761E+01   7.44793E+01   8.65822E+01   1.00000E+02
   1.00000E+02   8.68452E+01   7.49792E+01   6.55638E+01   5.95197E+01   5.74372E+01   5.95197E+01   6.55638E+01   7.49792E+01   8.68452E+01   1.00000E+02
   1.00000E+02   8.71030E+01   7.54693E+01   6.62381E+01   6.03120E+01   5.82702E+01   6.03120E+01   6.62381E+01   7.54693E+01   8.71030E+01   1.00000E+02
   1.00000E+02   8.73556E+01   7.59498E+01   6.68991E+01   6.10889E+01   5.90869E+01   6.10889E+01   6.68991E+01   7.59498E+01   8.73556E+01   1.00000E+02
   1.00000E+02   8.76033E+01   7.64208E+01   6.75472E+01   6.18505E+01   5.98877E+01   6.18505E+01   6.75472E+01   7.64208E+01   8.76033E+01   1.00000E+02
   1.00000E+02   8.78462E+01   7.68826E+01   6.81826E+01   6.25973E+01   6.06728E+01   6.25973E+01   6.81826E+01   7.68826E+01   8.78462E+01   1.00000E+02
   1.00000E+02   8.80842E+01   7.73353E+01   6.88055E+01   6.33295E+01   6.14426E+01   6.33295E+01   6.88055E+01   7.73353E+01   8.80842E+01   1.00000E+02
   1.00000E+02   8.83176E+01   7.77791E+01   6.94163E+01   6.40473E+01   6.21974E+01   6.40473E+01   6.94163E+01   7.77791E+01   8.83176E+01   1.00000E+02
   1.00000E+02   8.85464E+01   7.82143E+01   7.00151E+01   6.47511E+01   6.29373E+01   6.47511E+01   7.00151E+01   7.82143E+01   8.85464E+01   1.00000E+02
   1.00000E+02   8.87707E+01   7.86408E+01   7.06021E+01   6.54411E+01   6.36628E+01   6.54411E+01   7.06021E+01   7.86408E+01   8.87707E+01   1.00000E+02
   1.00000E+02   8.89906E+01   7.90591E+01   7.11777E+01   6.61177E+01   6.43742E+01   6.61177E+01   7.11777E+01   7.90591E+01   8.89906E+01   1.00000E+02
   1.00000E+02   8.92062E+01   7.94691E+01   7.17419E+01   6.67810E+01   6.50716E+01   6.67810E+01   7.17419E+01   7.94691E+01   8.92062E+01   1.00000E+02
   1.00000E+02   8.94175E+01   7.98711E+01   7.22952E+01   6.74313E+01   6.57553E+01   6.74313E+01   7.22952E+01   7.98711E+01   8.94175E+01   1.00000E+02
   1.00000E+02   8.96247E+01   8.02652E+01   7.28376E+01   6.80689E+01   6.64257E+01   6.80689E+01   7.28376E+01   8.02652E+01   8.96247E+01   1.00000E+02
   1.00000E+02   8.98279E+01   8.06516E+01   7.33694E+01   6.86940E+01   6.70830E+01   6.86940E+01   7.33694E+01   8.06516E+01   8.98279E+01   1.00000E+02
   1.00000E+02   9.00270E+01   8.10304E+01   7.38907E+01   6.93069E+01   6.77274E+01   6.93069E+01   7.38907E+01   8.10304E+01   9.00270E+01   1.00000E+02
   1.00000E+02   9.02223E+01   8.14018E+01   7.44019E+01   6.99077E+01   6.83592E+01   6.99077E+01   7.44019E+01   8.14018E+01   9.02223E+01   1.00000E+02
   1.00000E+02   9.04137E+01   8.17659E+01   7.49030E+01   7.04969E+01   6.89786E+01   7.04969E+01   7.49030E+01   8.17659E+01   9.04137E+01   1.00000E+02
   1.00000E+02   9.06014E+01   8.21229E+01   7.53944E+01   7.10744E+01   6.95859E+01   7.10744E+01   7.53944E+01   8.21229E+01   9.06014E+01   1.00000E+02
   1.00000E+02   9.07854E+01   8.24729E+01   7.58761E+01   7.16407E+01   7.01813E+01   7.16407E+01   7.58761E+01   8.24729E+01   9.07854E+01   1.00000E+02
   1.00000E+02   9.09658E+01   8.28160E+01   7.63484E+01   7.21959E+01   7.07651E+01   7.21959E+01   7.63484E+01   8.28160E+01   9.09658E+01   1.00000E+02
   1.00000E+02   9.11427E+01   8.31525E+01   7.68114E+01   7.27402E+01   7.13374E+01   7.27402E+01   7.68114E+01   8.31525E+01   9.11427E+01   1.00000E+02
   1.00000E+02   9.13161E+01   8.34823E+01   7.72654E+01   7.32739E+01   7.18985E+01   7.32739E+01   7.72654E+01   8.34823E+01   9.13161E+01   1.00000E+02
   1.00000E+02   9.14861E+01   8.38057E+01   7.77105E+01   7.37971E+01   7.24487E+01   7.37971E+01   7.77105E+01   8.38057E+01   9.14861E+01   1.00000E+02
   1.00000E+02   9.16528E+01   8.41227E+01   7.81469E+01   7.43101E+01   7.29881E+01   7.43101E+01   7.81469E+01   8.41227E+01   9.16528E+01   1.00000E+02
   1.00000E+02   9.18162E+01   8.44336E+01   7.85747E+01   7.48131E+01   7.35169E+01   7.48131E+01   7.85747E+01   8.44336E+01   9.18162E+01   1.00000E+02
   1.00000E+02   9.19765E+01   8.47383E+01   7.89941E+01   7.53061E+01   7.40354E+01   7.53061E+01   7.89941E+01   8.47383E+01   9.19765E+01   1.00000E+02
   1.00000E+02   9.21335E+01   8.50371E+01   7.94054E+01   7.57896E+01   7.45437E+01   7.57896E+01   7.94054E+01   8.50371E+01   9.21335E+01   1.00000E+02
   1.00000E+02   9.22875E+01   8.53301E+01   7.98086E+01   7.62636E+01   7.50420E+01   7.62636E+01   7.98086E+01   8.53301E+01   9.22875E+01   1.00000E+02
   1.00000E+02   9.24385E+01   8.56173E+01   8.02039E+01   7.67283E+01   7.55306E+01   7.67283E+01   8.02039E+01   8.56173E+01   9.24385E+01   1.00000E+02
   1.00000E+02   9.25866E+01   8.58988E+01   8.05914E+01   7.71839E+01   7.60097E+01   7.71839E+01   8.05914E+01   8.58988E+01   9.25866E+01   1.00000E+02
   1.00000E+02   9.27317E+01   8.61749E+01   8.09714E+01   7.76305E+01   7.64794E+01   7.76305E+01   8.09714E+01   8.61749E+01   9.27317E+01   1.00000E+02
   1.00000E+02   9.28740E+01   8.64456E+01   8.13439E+01   7.80685E+01   7.69398E+01   7.80685E+01   8.13439E+01   8.64456E+01   9.28740E+01   1.00000E+02
   1.00000E+02   9.30135E+01   8.67109E+01   8.17092E+01   7.84978E+01   7.73913E+01   7.84978E+01   8.17092E+01   8.67109E+01   9.30135E+01   1.00000E+02
   1.00000E+02   9.31503E+01   8.69711E+01   8.20672E+01   7.89188E+01   7.78339E+01   7.89188E+01   8.20672E+01   8.69711E+01   9.31503E+01   1.00000E+02
   1.00000E+02   9.32844E+01   8.72262E+01   8.24183E+01   7.93315E+01   7.82679E+01   7.93315E+01   8.24183E+01   8.72262E+01   9.32844E+01   1.00000E+02
   1.00000E+02   9.34159E+01   8.74762E+01   8.27625E+01   7.97361E+01   7.86933E+01   7.97361E+01   8.27625E+01   8.74762E+01   9.34159E+01   1.00000E+02
   1.00000E+02   9.35448E+01   8.77214E+01   8.31000E+01   8.01328E+01   7.91104E+01   8.01328E+01   8.31000E+01   8.77214E+01   9.35448E+01   1.00000E+02
   1.00000E+02   9.36711E+01   8.79618E+01   8.34308E+01   8.05218E+01   7.95194E+01   8.05218E+01   8.34308E+01   8.79618E+01   9.36711E+01   1.00000E+02
   1.00000E+02   9.37950E+01   8.81975E+01   8.37552E+01   8.09031E+01   7.99204E+01   8.09031E+01   8.37552E+01   8.81975E+01   9.37950E+01   1.00000E+02
   1.00000E+02   9.39165E+01   8.84285E+01   8.40733E+01   8.12770E+01   8.03135E+01   8.12770E+01   8.40733E+01   8.84285E+01   9.39165E+01   1.00000E+02
   1.00000E+02   9.40356E+01   8.86551E+01   8.43851E+01   8.16435E+01   8.06989E+01   8.16435E+01   8.43851E+01   8.86551E+01   9.40356E+01   1.00000E+02
   1.00000E+02   9.41524E+01   8.88772E+01   8.46908E+01   8.20029E+01   8.10767E+01   8.20029E+01   8.46908E+01   8.88772E+01   9.41524E+01   1.00000E+02
   1.00000E+02   9.42669E+01   8.90949E+01   8.49905E+01   8.23553E+01   8.14472E+01   8.23553E+01   8.49905E+01   8.90949E+01   9.42669E+01   1.00000E+02
   1.00000E+02   9.43791E+01   8.93084E+01   8.52843E+01   8.27007E+01   8.18104E+01   8.27007E+01   8.52843E+01   8.93084E+01   9.43791E+01   1.00000E+02
   1.00000E+02   9.44892E+01   8.95177E+01   8.55724E+01   8.30394E+01   8.21665E+01   8.30394E+01   8.55724E+01   8.95177E+01   9.44892E+01   1.00000E+02
   1.00000E+02   9.45970E+01   8.97230E+01   8.58549E+01   8.33714E+01   8.25157E+01   8.33714E+01   8.58549E+01   8.97230E+01   9.45970E+01   1.00000E+02
   1.00000E+02   9.47028E+01   8.99242E+01   8.61318E+01   8.36970E+01   8.28580E+01   8.36970E+01   8.61318E+01   8.99242E+01   9.47028E+01   1.00000E+02
   1.00000E+02   9.48065E+01   9.01214E+01   8.64033E+01   8.40161E+01   8.31936E+01   8.40161E+01   8.64033E+01   9.01214E+01   9.48065E+01   1.00000E+02
   1.00000E+02   9.49082E+01   9.03148E+01   8.66695E+01   8.43290E+01   8.35226E+01   8.43290E+01   8.66695E+01   9.03148E+01   9.49082E+01   1.00000E+02
   1.00000E+02   9.50079E+01   9.05044E+01   8.69305E+01   8.46358E+01   8.38452E+01   8.46358E+01   8.69305E+01   9.05044E+01   9.50079E+01   1.00000E+02
   1.00000E+02   9.51056E+01   9.06903E+01   8.71863E+01   8.49366E+01   8.41614E+01   8.49366E+01   8.71863E+01   9.06903E+01   9.51056E+01   1.00000E+02
   1.00000E+02   9.52014E+01   9.08726E+01   8.74372E+01   8.52315E+01   8.44715E+01   8.52315E+01   8.74372E+01   9.08726E+01   9.52014E+01   1.00000E+02
   1.00000E+02   9.52954E+01   9.10513E+01   8.76831E+01   8.55207E+01   8.47755E+01   8.55207E+01   8.76831E+01   9.10513E+01   9.52954E+01   1.00000E+02
   1.00000E+02   9.53875E+01   9.12265E+01   8.79243E+01   8.58041E+01   8.50736E+01   8.58041E+01   8.79243E+01   9.12265E+01   9.53875E+01   1.00000E+02
   1.00000E+02   9.54778E+01   9.13982E+01   8.81607E+01   8.60820E+01   8.53658E+01   8.60820E+01   8.81607E+01   9.13982E+01   9.54778E+01   1.00000E+02
   1.00000E+02   9.55663E+01   9.15666E+01   8.83925E+01   8.63545E+01   8.56523E+01   8.63545E+01   8.83925E+01   9.15666E+01   9.55663E+01   1.00000E+02
   1.00000E+02   9.56531E+01   9.17317E+01   8.86197E+01   8.66217E+01   8.59332E+01   8.66217E+01   8.86197E+01   9.17317E+01   9.56531E+01   1.00000E+02
   1.00000E+02   9.57382E+01   9.18936E+01   8.88425E+01   8.68836E+01   8.62086E+01   8.68836E+01   8.88425E+01   9.18936E+01   9.57382E+01   1.00000E+02
   1.00000E+02   9.58217E+01   9.20523E+01   8.90609E+01   8.71404E+01   8.64786E+01   8.71404E+01   8.90609E+01   9.20523E+01   9.58217E+01   1.00000E+02
   1.00000E+02   9.59035E+01   9.22079E+01   8.92751E+01   8.73921E+01   8.67433E+01   8.73921E+01   8.92751E+01   9.22079E+01   9.59035E+01   1.00000E+02
   1.00000E+02   9.59837E+01   9.23605E+01   8.94851E+01   8.76390E+01   8.70028E+01   8.76390E+01   8.94851E+01   9.23605E+01   9.59837E+01   1.00000E+02
   1.00000E+02   9.60623E+01   9.25100E+01   8.96909E+01   8.78810E+01   8.72573E+01   8.78810E+01   8.96909E+01   9.25100E+01   9.60623E+01   1.00000E+02
   1.00000E+02   9.61394E+01   9.26567E+01   8.98927E+01   8.81182E+01   8.75067E+01   8.81182E+01   8.98927E+01   9.26567E+01   9.61394E+01   1.00000E+02
   1.00000E+02   9.62150E+01   9.28004E+01   9.00906E+01   8.83508E+01   8.77513E+01   8.83508E+01   9.00906E+01   9.28004E+01   9.62150E+01   1.00000E+02
   1.00000E+02   9.62891E+01   9.29414E+01   9.02846E+01   8.85789E+01   8.79911E+01   8.85789E+01   9.02846E+01   9.29414E+01   9.62891E+01   1.00000E+02
   1.00000E+02   9.63617E+01   9.30796E+01   9.04748E+01   8.88025E+01   8.82262E+01   8.88025E+01   9.04748E+01   9.30796E+01   9.63617E+01   1.00000E+02
   1.00000E+02   9.64329E+01   9.32150E+01   9.06613E+01   8.90217E+01   8.84567E+01   8.90217E+01   9.06613E+01   9.32150E+01   9.64329E+01   1.00000E+02
   1.00000E+02   9.65028E+01   9.33479E+01   9.08441E+01   8.92366E+01   8.86827E+01   8.92366E+01   9.08441E+01   9.33479E+01   9.65028E+01   1.00000E+02
   1.00000E+02   9.65712E+01   9.34781E+01   9.10234E+01   8.94473E+01   8.89043E+01   8.94473E+01   9.10234E+01   9.34781E+01   9.65712E+01   1.00000E+02
   1.00000E+02   9.66384E+01   9.36058E+01   9.11991E+01   8.96539E+01   8.91215E+01   8.96539E+01   9.11991E+01   9.36058E+01   9.66384E+01   1.00000E+02
   1.00000E+02   9.67042E+01   9.37310E+01   9.13714E+01   8.98565E+01   8.93345E+01   8.98565E+01   9.13714E+01   9.37310E+01   9.67042E+01   1.00000E+02
   1.00000E+02   9.67687E+01   9.38537E+01   9.15403E+01   9.00551E+01   8.95433E+01   9.00551E+01   9.15403E+01   9.38537E+01   9.67687E+01   1.00000E+02
   1.00000E+02   9.68320E+01   9.39740E+01   9.17060E+01   9.02498E+01   8.97480E+01   9.02498E+01   9.17060E+01   9.39740E+01   9.68320E+01   1.00000E+02
   1.00000E+02   9.68940E+01   9.40920E+01   9.18683E+01   9.04407E+01   8.99487E+01   9.04407E+01   9.18683E+01   9.40920E+01   9.68940E+01   1.00000E+02
   1.00000E+02   9.69548E+01   9.42077E+01   9.20275E+01   9.06278E+01   9.01455E+01   9.06278E+01   9.20275E+01   9.42077E+01   9.69548E+01   1.00000E+02
   1.00000E+02   9.70144E+01   9.43211E+01   9.21836E+01   9.08113E+01   9.03384E+01   9.08113E+01   9.21836E+01   9.43211E+01   9.70144E+01   1.00000E+02
   1.00000E+02   9.70729E+01   9.44322E+01   9.23366E+01   9.09912E+01   9.05276E+01   9.09912E+01   9.23366E+01   9.44322E+01   9.70729E+01   1.00000E+02
   1.00000E+02   9.71302E+01   9.45412E+01   9.24867E+01   9.11675E+01   9.07130E+01   9.11675E+01   9.24867E+01   9.45412E+01   9.71302E+01   1.00000E+02
   1.00000E+02   9.71863E+01   9.46481E+01   9.26338E+01   9.13405E+01   9.08948E+01   9.13405E+01   9.26338E+01   9.46481E+01   9.71863E+01   1.00000E+02
   1.00000E+02   9.72414E+01   9.47529E+01   9.27780E+01   9.15100E+01   9.10731E+01   9.15100E+01   9.27780E+01   9.47529E+01   9.72414E+01   1.00000E+02
   1.00000E+02   9.72954E+01   9.48556E+01   9.29194E+01   9.16762E+01   9.12478E+01   9.16762E+01   9.29194E+01   9.48556E+01   9.72954E+01   1.00000E+02
   1.00000E+02   9.73484E+01   9.49563E+01   9.30580E+01   9.18392E+01   9.14192E+01   9.18392E+01   9.30580E+01   9.49563E+01   9.73484E+01   1.00000E+02
   1.00000E+02   9.74003E+01   9.50551E+01   9.31939E+01   9.19989E+01   9.15872E+01   9.19989E+01   9.31939E+01   9.50551E+01   9.74003E+01   1.00000E+02
   1.00000E+02   9.74512E+01   9.51519E+01   9.33271E+01   9.21556E+01   9.17519E+01   9.21556E+01   9.33271E+01   9.51519E+01   9.74512E+01   1.00000E+02
   1.00000E+02   9.75011E+01   9.52468E+01   9.34578E+01   9.23091E+01   9.19134E+01   9.23091E+01   9.34578E+01   9.52468E+01   9.75011E+01   1.00000E+02
   1.00000E+02   9.75500E+01   9.53398E+01   9.35858E+01   9.24597E+01   9.20717E+01   9.24597E+01   9.35858E+01   9.53398E+01   9.75500E+01   1.00000E+02
   1.00000E+02   9.75980E+01   9.54311E+01   9.37114E+01   9.26073E+01   9.22269E+01   9.26073E+01   9.37114E+01   9.54311E+01   9.75980E+01   1.00000E+02
   1.00000E+02   9.76450E+01   9.55205E+01   9.38345E+01   9.27521E+01   9.23791E+01   9.27521E+01   9.38345E+01   9.55205E+01   9.76450E+01   1.00000E+02
   1.00000E+02   9.76911E+01   9.56082E+01   9.39552E+01   9.28940E+01   9.25283E+01   9.28940E+01   9.39552E+01   9.56082E+01   9.76911E+01   1.00000E+02
   1.00000E+02   9.77363E+01   9.56942E+01   9.40736E+01   9.30331E+01   9.26745E+01   9.30331E+01   9.40736E+01   9.56942E+01   9.77363E+01   1.00000E+02
   1.00000E+02   9.77806E+01   9.57785E+01   9.41896E+01   9.31695E+01   9.28180E+01   9.31695E+01   9.41896E+01   9.57785E+01   9.77806E+01   1.00000E+02
   1.00000E+02   9.78241E+01   9.58611E+01   9.43034E+01   9.33032E+01   9.29586E+01   9.33032E+01   9.43034E+01   9.58611E+01   9.78241E+01   1.00000E+02
   1.00000E+02   9.78667E+01   9.59422E+01   9.44149E+01   9.34343E+01   9.30964E+01   9.34343E+01   9.44149E+01   9.59422E+01   9.78667E+01   1.00000E+02
   1.00000E+02   9.79084E+01   9.60216E+01   9.45242E+01   9.35628E+01   9.32316E+01   9.35628E+01   9.45242E+01   9.60216E+01   9.79084E+01   1.00000E+02
   1.00000E+02   9.79494E+01   9.60995E+01   9.46314E+01   9.36889E+01   9.33641E+01   9.36889E+01   9.46314E+01   9.60995E+01   9.79494E+01   1.00000E+02
   1.00000E+02   9.79895E+01   9.61759E+01   9.47365E+01   9.38124E+01   9.34940E+01   9.38124E+01   9.47365E+01   9.61759E+01   9.79895E+01   1.00000E+02
   1.00000E+02   9.80289E+01   9.62507E+01   9.48396E+01   9.39336E+01   9.36214E+01   9.39336E+01   9.48396E+01   9.62507E+01   9.80289E+01   1.00000E+02
   1.00000E+02   9.80675E+01   9.63241E+01   9.49406E+01   9.40523E+01   9.37462E+01   9.40523E+01   9.49406E+01   9.63241E+01   9.80675E+01   1.00000E+02
   1.00000E+02   9.81053E+01   9.63961E+01   9.50396E+01   9.41688E+01   9.38687E+01   9.41688E+01   9.50396E+01   9.63961E+01   9.81053E+01   1.00000E+02
   1.00000E+02   9.81424E+01   9.64666E+01   9.51368E+01   9.42829E+01   9.39887E+01   9.42829E+01   9.51368E+01   9.64666E+01   9.81424E+01   1.00000E+02
   1.00000E+02   9.81788E+01   9.65358E+01   9.52320E+01   9.43948E+01   9.41064E+01   9.43948E+01   9.52320E+01   9.65358E+01   9.81788E+01   1.00000E+02
   1.00000E+02   9.82144E+01   9.66036E+01   9.53253E+01   9.45046E+01   9.42218E+01   9.45046E+01   9.53253E+01   9.66036E+01   9.82144E+01   1.00000E+02
   1.00000E+02   9.82494E+01   9.66701E+01   9.54168E+01   9.46122E+01   9.43349E+01   9.46122E+01   9.54168E+01   9.66701E+01   9.82494E+01   1.00000E+02
   1.00000E+02   9.82837E+01   9.67353E+01   9.55066E+01   9.47176E+01   9.44458E+01   9.47176E+01   9.55066E+01   9.67353E+01   9.82837E+01   1.00000E+02
   1.00000E+02   9.83173E+01   9.67992E+01   9.55945E+01   9.48211E+01   9.45545E+01   9.48211E+01   9.55945E+01   9.67992E+01   9.83173E+01   1.00000E+02
   1.00000E+02   9.83502E+01   9.68619E+01   9.56808E+01   9.49224E+01   9.46611E+01   9.49224E+01   9.56808E+01   9.68619E+01   9.83502E+01   1.00000E+02
   1.00000E+02   9.83825E+01   9.69233E+01   9.57653E+01   9.50219E+01   9.47657E+01   9.50219E+01   9.57653E+01   9.69233E+01   9.83825E+01   1.00000E+02
   1.00000E+02   9.84142E+01   9.69836E+01   9.58482E+01   9.51193E+01   9.48681E+01   9.51193E+01   9.58482E+01   9.69836E+01   9.84142E+01   1.00000E+02
   1.00000E+02   9.84452E+01   9.70426E+01   9.59295E+01   9.52149E+01   9.49686E+01   9.52149E+01   9.59295E+01   9.70426E+01   9.84452E+01   1.00000E+02
   1.00000E+02   9.84757E+01   9.71005E+01   9.60092E+01   9.53085E+01   9.50671E+01   9.53085E+01   9.60092E+01   9.71005E+01   9.84757E+01   1.00000E+02
   1.00000E+02   9.85055E+01   9.71573E+01   9.60873E+01   9.54004E+01   9.51637E+01   9.54004E+01   9.60873E+01   9.71573E+01   9.85055E+01   1.00000E+02
   1.00000E+02   9.85348E+01   9.72129E+01   9.61639E+01   9.54904E+01   9.52584E+01   9.54904E+01   9.61639E+01   9.72129E+01   9.85348E+01   1.00000E+02
   1.00000E+02   9.85634E+01   9.72675E+01   9.62390E+01   9.55787E+01   9.53512E+01   9.55787E+01   9.62390E+01   9.72675E+01   9.85634E+01   1.00000E+02
   1.00000E+02   9.85916E+01   9.73210E+01   9.63127E+01   9.56653E+01   9.54422E+01   9.56653E+01   9.63127E+01   9.73210E+01   9.85916E+01   1.00000E+02
   1.00000E+02   9.86191E+01   9.73734E+01   9.63849E+01   9.57501E+01   9.55314E+01   9.57501E+01   9.63849E+01   9.73734E+01   9.86191E+01   1.00000E+02
   1.00000E+02   9.86462E+01   9.74249E+01   9.64556E+01   9.58333E+01   9.56189E+01   9.58333E+01   9.64556E+01   9.74249E+01   9.86462E+01   1.00000E+02
   1.00000E+02   9.86727E+01   9.74753E+01   9.65250E+01   9.59149E+01   9.57047E+01   9.59149E+01   9.65250E+01   9.74753E+01   9.86727E+01   1.00000E+02
   1.00000E+02   9.86987E+01   9.75247E+01   9.65931E+01   9.59949E+01   9.57888E+01   9.59949E+01   9.65931E+01   9.75247E+01   9.86987E+01   1.00000E+02
   1.00000E+02   9.87241E+01   9.75732E+01   9.66598E+01   9.60733E+01   9.58712E+01   9.60733E+01   9.66598E+01   9.75732E+01   9.87241E+01   1.00000E+02
   1.00000E+02   9.87491E+01   9.76207E+01   9.67251E+01   9.61502E+01   9.59521E+01   9.61502E+01   9.67251E+01   9.76207E+01   9.87491E+01   1.00000E+02
   1.00000E+02   9.87736E+01   9.76673E+01   9.67893E+01   9.62255E+01   9.60313E+01   9.62255E+01   9.67893E+01   9.76673E+01   9.87736E+01   1.00000E+02
   1.00000E+02   9.87976E+01   9.77129E+01   9.68521E+01   9.62994E+01   9.61090E+01   9.62994E+01   9.68521E+01   9.77129E+01   9.87976E+01   1.00000E+02
   1.00000E+02   9.88212E+01   9.77577E+01   9.69137E+01   9.63719E+01   9.61852E+01   9.63719E+01   9.69137E+01   9.77577E+01   9.88212E+01   1.00000E+02
   1.00000E+02   9.88442E+01   9.78016E+01   9.69742E+01   9.64429E+01   9.62599E+01   9.64429E+01   9.69742E+01   9.78016E+01   9.88442E+01   1.00000E+02
   1.00000E+02   9.88669E+01   9.78446E+01   9.70334E+01   9.65126E+01   9.63331E+01   9.65126E+01   9.70334E+01   9.78446E+01   9.88669E+01   1.00000E+02
   1.00000E+02   9.88890E+01   9.78868E+01   9.70915E+01   9.65808E+01   9.64049E+01   9.65808E+01   9.70915E+01   9.78868E+01   9.88890E+01   1.00000E+02
   1.00000E+02   9.89108E+01   9.79282E+01   9.71484E+01   9.66478E+01   9.64753E+01   9.66478E+01   9.71484E+01   9.79282E+01   9.89108E+01   1.00000E+02
   1.00000E+02   9.89321E+01   9.79688E+01   9.72042E+01   9.67134E+01   9.65443E+01   9.67134E+01   9.72042E+01   9.79688E+01   9.89321E+01   1.00000E+02
   1.00000E+02   9.89530E+01   9.80085E+01   9.72590E+01   9.67777E+01   9.66119E+01   9.67777E+01   9.72590E+01   9.80085E+01   9.89530E+01   1.00000E+02
   1.00000E+02   9.89735E+01   9.80475E+01   9.73126E+01   9.68408E+01   9.66782E+01   9.68408E+01   9.73126E+01   9.80475E+01   9.89735E+01   1.00000E+02
   1.00000E+02   9.89936E+01   9.80857E+01   9.73653E+01   9.69027E+01   9.67433E+01   9.69027E+01   9.73653E+01   9.80857E+01   9.89936E+01   1.00000E+02
   1.00000E+02   9.90133E+01   9.81232E+01   9.74168E+01   9.69633E+01   9.68070E+01   9.69633E+01   9.74168E+01   9.81232E+01   9.90133E+01   1.00000E+02
   1.00000E+02   9.90326E+01   9.81600E+01   9.74674E+01   9.70228E+01   9.68695E+01   9.70228E+01   9.74674E+01   9.81600E+01   9.90326E+01   1.00000E+02
   1.00000E+02   9.90516E+01   9.81960E+01   9.75170E+01   9.70810E+01   9.69308E+01   9.70810E+01   9.75170E+01   9.81960E+01   9.90516E+01   1.00000E+02
   1.00000E+02   9.90701E+01   9.82313E+01   9.75656E+01   9.71382E+01   9.69909E+01   9.71382E+01   9.75656E+01   9.82313E+01   9.90701E+01   1.00000E+02
   1.00000E+02   9.90883E+01   9.82659E+01   9.76133E+01   9.71942E+01   9.70498E+01   9.71942E+01   9.76133E+01   9.82659E+01   9.90883E+01   1.00000E+02
   1.00000E+02   9.91062E+01   9.82999E+01   9.76600E+01   9.72491E+01   9.71076E+01   9.72491E+01   9.76600E+01   9.82999E+01   9.91062E+01   1.00000E+02
   1.00000E+02   9.91237E+01   9.83332E+01   9.77058E+01   9.73030E+01   9.71642E+01   9.73030E+01   9.77058E+01   9.83332E+01   9.91237E+01   1.00000E+02
   1.00000E+02   9.91408E+01   9.83658E+01   9.77507E+01   9.73558E+01   9.72197E+01   9.73558E+01   9.77507E+01   9.83658E+01   9.91408E+01   1.00000E+02
   1.00000E+02   9.91577E+01   9.83978E+01   9.77947E+01   9.74076E+01   9.72742E+01   9.74076E+01   9.77947E+01   9.83978E+01   9.91577E+01   1.00000E+02
   1.00000E+02   9.91742E+01   9.84292E+01   9.78379E+01   9.74583E+01   9.73275E+01   9.74583E+01   9.78379E+01   9.84292E+01   9.91742E+01   1.00000E+02
   1.00000E+02   9.91903E+01   9.84599E+01   9.78802E+01   9.75081E+01   9.73798E+01   9.75081E+01   9.78802E+01   9.84599E+01   9.91903E+01   1.00000E+02
   1.00000E+02   9.92062E+01   9.84901E+01   9.79217E+01   9.75569E+01   9.74311E+01   9.75569E+01   9.79217E+01   9.84901E+01   9.92062E+01   1.00000E+02
   1.00000E+02   9.92217E+01   9.85196E+01   9.79624E+01   9.76047E+01   9.74814E+01   9.76047E+01   9.79624E+01   9.85196E+01   9.92217E+01   1.00000E+02
   1.00000E+02   9.92370E+01   9.85486E+01   9.80023E+01   9.76516E+01   9.75307E+01   9.76516E+01   9.80023E+01   9.85486E+01   9.92370E+01   1.00000E+02
   1.00000E+02   9.92519E+01   9.85770E+01   9.80414E+01   9.76976E+01   9.75791E+01   9.76976E+01   9.80414E+01   9.85770E+01   9.92519E+01   1.00000E+02
