   1.00000E+02   0.00000E+00   0.00000E+00   0.00000E+00   0.00000E+00   0.00000E+00   0.00000E+00   0.00000E+00   0.00000E+00   0.00000E+00   1.00000E+02
   1.00000E+02   1.00000E+02   0.00000E+00   0.00000E+00   0.00000E+00   0.00000E+00   0.00000E+00   0.00000E+00   0.00000E+00   1.00000E+02   1.00000E+02
   1.00000E+02   5.68434E-14   1.00000E+02   0.00000E+00   0.00000E+00   0.00000E+00   0.00000E+00   0.00000E+00   1.00000E+02   5.68434E-14   1.00000E+02
   1.00000E+02   2.00000E+02  -1.00000E+02   1.00000E+02   0.00000E+00   0.00000E+00   0.00000E+00   1.00000E+02  -1.00000E+02   2.00000E+02   1.00000E+02
   1.00000E+02  -2.00000E+02   4.00000E+02  -2.00000E+02   1.00000E+02   0.00000E+00   1.00000E+02  -2.00000E+02   4.00000E+02  -2.00000E+02   1.00000E+02
   1.00000E+02   7.00000E+02  -8.00000E+02   7.00000E+02  -3.00000E+02   2.00000E+02  -3.00000E+02   7.00000E+02  -8.00000E+02   7.00000E+02   1.00000E+02
   1.00000E+02  -1.40000E+03   2.20000E+03  -1.80000E+03   1.20000E+03  -8.00000E+02   1.20000E+03  -1.80000E+03   2.20000E+03  -1.40000E+03   1.00000E+02
   1.00000E+02   3.70000E+03  -5.40000E+03   5.20000E+03  -3.80000E+03   3.20000E+03  -3.80000E+03   5.20000E+03  -5.40000E+03   3.70000E+03   1.00000E+02
   1.00000E+02  -9.00000E+03   1.43000E+04  -1.44000E+04   1.22000E+04  -1.08000E+04   1.22000E+04  -1.44000E+04   1.43000E+04  -9.00000E+03   1.00000E+02
   1.00000E+02   2.34000E+04  -3.77000E+04   4.09000E+04  -3.74000E+04   3.52000E+04  -3.74000E+04   4.09000E+04  -3.77000E+04   2.34000E+04   1.00000E+02
   1.00000E+02  -6.10000E+04   1.02000E+05  -1.16000E+05   1.13500E+05  -1.10000E+05   1.13500E+05  -1.16000E+05   1.02000E+05  -6.10000E+04   1.00000E+02
   1.00000E+02   1.63100E+05  -2.79000E+05   3.31500E+05  -3.39500E+05   3.37000E+05  -3.39500E+05   3.31500E+05  -2.79000E+05   1.63100E+05   1.00000E+02
   1.00000E+02  -4.42000E+05   7.73600E+05  -9.50000E+05   1.00800E+06  -1.01600E+06   1.00800E+06  -9.50000E+05   7.73600E+05  -4.42000E+05   1.00000E+02
   1.00000E+02   1.21570E+06  -2.16560E+06   2.73160E+06  -2.97400E+06   3.03200E+06  -2.97400E+06   2.73160E+06  -2.16560E+06   1.21570E+06   1.00000E+02
   1.00000E+02  -3.38120E+06   6.11290E+06  -7.87120E+06   8.73760E+06  -8.98000E+06   8.73760E+06  -7.87120E+06   6.11290E+06  -3.38120E+06   1.00000E+02
   1.00000E+02   9.49420E+06  -1.73653E+07   2.27217E+07  -2.55888E+07   2.64552E+07  -2.55888E+07   2.27217E+07  -1.73653E+07   9.49420E+06   1.00000E+02
   1.00000E+02  -2.68594E+07   4.95812E+07  -6.56758E+07   7.47657E+07  -7.76328E+07   7.47657E+07  -6.56758E+07   4.95812E+07  -2.68594E+07   1.00000E+02
   1.00000E+02   7.64407E+07  -1.42116E+08   1.90023E+08  -2.18074E+08   2.27164E+08  -2.18074E+08   1.90023E+08  -1.42116E+08   7.64407E+07   1.00000E+02
   1.00000E+02  -2.18557E+08   4.08580E+08  -5.50213E+08   6.35261E+08  -6.63313E+08   6.35261E+08  -5.50213E+08   4.08580E+08  -2.18557E+08   1.00000E+02
   1.00000E+02   6.27137E+08  -1.17735E+09   1.59405E+09  -1.84879E+09   1.93384E+09  -1.84879E+09   1.59405E+09  -1.17735E+09   6.27137E+08   1.00000E+02
   1.00000E+02  -1.80449E+09   3.39854E+09  -4.62019E+09   5.37668E+09  -5.63141E+09   5.37668E+09  -4.62019E+09   3.39854E+09  -1.80449E+09   1.00000E+02
   1.00000E+02   5.20303E+09  -9.82322E+09   1.33954E+10  -1.56283E+10   1.63848E+10  -1.56283E+10   1.33954E+10  -9.82322E+09   5.20303E+09   1.00000E+02
   1.00000E+02  -1.50262E+10   2.84217E+10  -3.88469E+10   4.54085E+10  -4.76413E+10   4.54085E+10  -3.88469E+10   2.84217E+10  -1.50262E+10   1.00000E+02
   1.00000E+02   4.34479E+10  -8.22948E+10   1.12677E+11  -1.31897E+11   1.38458E+11  -1.31897E+11   1.12677E+11  -8.22948E+10   4.34479E+10   1.00000E+02
   1.00000E+02  -1.25743E+11   2.38420E+11  -3.26869E+11   3.83032E+11  -4.02252E+11   3.83032E+11  -3.26869E+11   2.38420E+11  -1.25743E+11   1.00000E+02
   1.00000E+02   3.64162E+11  -6.91031E+11   9.48320E+11  -1.11215E+12   1.16832E+12  -1.11215E+12   9.48320E+11  -6.91031E+11   3.64162E+11   1.00000E+02
   1.00000E+02  -1.05519E+12   2.00351E+12  -2.75150E+12   3.22879E+12  -3.39262E+12   3.22879E+12  -2.75150E+12   2.00351E+12  -1.05519E+12   1.00000E+02
   1.00000E+02   3.05871E+12  -5.81021E+12   7.98380E+12  -9.37291E+12   9.85020E+12  -9.37291E+12   7.98380E+12  -5.81021E+12   3.05871E+12   1.00000E+02
   1.00000E+02  -8.86892E+12   1.68527E+13  -2.31669E+13   2.72069E+13  -2.85960E+13   2.72069E+13  -2.31669E+13   1.68527E+13  -8.86892E+12   1.00000E+02
   1.00000E+02   2.57216E+13  -4.88886E+13   6.72266E+13  -7.89699E+13   8.30098E+13  -7.89699E+13   6.72266E+13  -4.88886E+13   2.57216E+13   1.00000E+02
   1.00000E+02  -7.46102E+13   1.41837E+14  -1.95085E+14   2.29206E+14  -2.40950E+14   2.29206E+14  -1.95085E+14   1.41837E+14  -7.46102E+13   1.00000E+02
   1.00000E+02   2.16447E+14  -4.11532E+14   5.66128E+14  -6.65241E+14   6.99362E+14  -6.65241E+14   5.66128E+14  -4.11532E+14   2.16447E+14   1.00000E+02
   1.00000E+02  -6.27979E+14   1.19411E+15  -1.64290E+15   1.93073E+15  -2.02984E+15   1.93073E+15  -1.64290E+15   1.19411E+15  -6.27979E+14   1.00000E+02
   1.00000E+02   1.82209E+15  -3.46499E+15   4.76774E+15  -5.60348E+15   5.89131E+15  -5.60348E+15   4.76774E+15  -3.46499E+15   1.82209E+15   1.00000E+02
   1.00000E+02  -5.28707E+15   1.00548E+16  -1.38362E+16   1.62625E+16  -1.70983E+16   1.62625E+16  -1.38362E+16   1.00548E+16  -5.28707E+15   1.00000E+02
   1.00000E+02   1.53419E+16  -2.91781E+16   4.01535E+16  -4.71970E+16   4.96233E+16  -4.71970E+16   4.01535E+16  -2.91781E+16   1.53419E+16   1.00000E+02
   1.00000E+02  -4.45200E+16   8.46735E+16  -1.16529E+17   1.36974E+17  -1.44017E+17   1.36974E+17  -1.16529E+17   8.46735E+16  -4.45200E+16   1.00000E+02
   1.00000E+02   1.29193E+17  -2.45722E+17   3.38176E+17  -3.97520E+17   4.17965E+17  -3.97520E+17   3.38176E+17  -2.45722E+17   1.29193E+17   1.00000E+02
   1.00000E+02  -3.74916E+17   7.13091E+17  -9.81418E+17   1.15366E+18  -1.21300E+18   1.15366E+18  -9.81418E+17   7.13091E+17  -3.74916E+17   1.00000E+02
   1.00000E+02   1.08801E+18  -2.06942E+18   2.84817E+18  -3.34808E+18   3.52032E+18  -3.34808E+18   2.84817E+18  -2.06942E+18   1.08801E+18   1.00000E+02
   1.00000E+02  -3.15743E+18   6.00560E+18  -8.26568E+18   9.71658E+18  -1.02165E+19   9.71658E+18  -8.26568E+18   6.00560E+18  -3.15743E+18   1.00000E+02
